111111111111111111111111111111
100010001000111110111001000011
101010101010000010101011011001
101000100001101010100000001001
101101011100011000001011110101
100101100101010011001001000101
100111101100101101101011010101
110010101110101000100001000001
110110100010101011111111000101
000000000110001110100001100111
111011010111101000101101010001
100010111010001101000111101101
101111010000110010000101010101
101000100111010010010111100100
101011110100111000101110001001
101010000010000110100010010001
100010101011010100001010010101
101000101001010011101010000101
101110011000001000011000111001
111111111111111111111111111111