111111111111111111111111111111
000100000000011100000000000001
110101011111000001111111110101
100001000011111111000000010011
101111110011000001010111011011
100011110111010001010001000011
111011000100010111010111111111
111010010101110001011100000011
100010110100001101000010100011
101100100101101101111010111011
101111110110001000101111111011
100000010101101011100100000001
111111011000001000101101111101
101000011011111110100001111001
100011011010100000110100000101
101111000010101111110111110111
101000011000100110001000110001
100011010101110000100010111100
111000000100011011101110000001
111111111111111111111111111111