111111111111111111111111111111
110001010100101100010111010001
110111000010000100101100010100
100000010110100001100000001001
101110010100110100010101011011
100001001000001001001100010001
101010001101100100101001000011
100100010110001000101011010101
110101101000100100010000010011
100010000110100101110110100101
110101100010010000111000000001
100001001000101110000001110111
110100001001111001011010010101
100101101101000011010100010011
101011001010010010100101000001
100101100100001100101011100111
100100000100101000110101001001
001101101101000010000000011101
101001101000001011100110100001
111111111111111111111111111111